light   4.0   5.0    4.0           0.5 0.5 0.5   0.9 0.9 0.9
10
sphere  0.0   -1001 -3.0   1000    0.5 0.5 0.5   0.8 0.8 0.8   0.1 0.1 0.1   0.0
sphere  0.0   2     -3.0   .75     0.1 0.1 0.1   0.1 0.1 0.1   1.0 1.0 1.0   1.0
sphere  0.0   0     -3.0   1.0     0.0 0.0 0.0   0.5 0.5 0.5   0.7 0.7 0.7   0.5
sphere  -3.0  0     -3.0   1.0     0.2 0.0 0.0   0.7 0.0 0.0   1.0 0.0 0.0   0.5
sphere  -3.0  0      0.0   1.0     0.2 0.1 0.0   0.7 0.3 0.0   1.0 0.5 0.0   0.5
sphere  -3.0  0      3.0   1.0     0.2 0.2 0.0   0.7 0.7 0.0   0.7 0.7 0.0   0.5
sphere  0.0   0      3.0   1.0     0.0 0.2 0.0   0.0 0.7 0.0   0.0 0.7 0.0   0.5
sphere  3.0   0      3.0   1.0     0.0 0.2 0.2   0.0 0.7 0.7   0.0 0.7 0.7   0.5
sphere  3.0   0      0.0   1.0     0.0 0.0 0.2   0.0 0.0 0.7   0.0 0.0 0.7   0.5
sphere  3.0   0     -3.0   1.0     0.2 0.0 0.2   0.7 0.0 0.7   0.7 0.0 0.7   0.5